[gd_scene load_steps=13 format=3 uid="uid://dc4t0wn3aovjb"]

[ext_resource type="Texture2D" uid="uid://cpkwk2vlulfvs" path="res://assets/SkyHDR.hdr" id="1_tlwt5"]
[ext_resource type="Texture2D" uid="uid://bn8wfhbs1omgo" path="res://assets/Dark/texture_08.png" id="2_036b0"]
[ext_resource type="PackedScene" uid="uid://boxlpqxjfyj4a" path="res://player.tscn" id="2_tlwt5"]
[ext_resource type="Texture2D" uid="uid://b58xv1joypxo5" path="res://assets/Orange/texture_09.png" id="4_dwbse"]
[ext_resource type="Texture2D" uid="uid://cm5m7nr7dugjd" path="res://assets/Purple/texture_09.png" id="5_pkg7o"]
[ext_resource type="PackedScene" uid="uid://dmei6j3nc3ncd" path="res://assets/goose.fbx" id="6_dwbse"]

[sub_resource type="PanoramaSkyMaterial" id="PanoramaSkyMaterial_036b0"]
panorama = ExtResource("1_tlwt5")

[sub_resource type="Sky" id="Sky_dwbse"]
sky_material = SubResource("PanoramaSkyMaterial_036b0")

[sub_resource type="Environment" id="Environment_pkg7o"]
background_mode = 2
sky = SubResource("Sky_dwbse")
tonemap_mode = 2
glow_enabled = true

[sub_resource type="StandardMaterial3D" id="StandardMaterial3D_tlwt5"]
albedo_texture = ExtResource("2_036b0")
uv1_triplanar = true

[sub_resource type="StandardMaterial3D" id="StandardMaterial3D_gbfbk"]
albedo_texture = ExtResource("4_dwbse")
uv1_triplanar = true

[sub_resource type="StandardMaterial3D" id="StandardMaterial3D_ioo17"]
albedo_texture = ExtResource("5_pkg7o")
uv1_triplanar = true

[node name="World" type="Node3D"]

[node name="DirectionalLight3D" type="DirectionalLight3D" parent="."]
transform = Transform3D(-0.866023, -0.433016, 0.250001, 0, 0.499998, 0.866027, -0.500003, 0.749999, -0.43301, 0, 0, 0)
shadow_enabled = true

[node name="WorldEnvironment" type="WorldEnvironment" parent="."]
environment = SubResource("Environment_pkg7o")

[node name="CSGBox3D" type="CSGBox3D" parent="."]
transform = Transform3D(1, 0, 0, 0, 1, 0, 0, 0, 1, 0, -50, 0)
material_override = SubResource("StandardMaterial3D_tlwt5")
use_collision = true
size = Vector3(1000, 100, 1000)

[node name="Player" parent="." instance=ExtResource("2_tlwt5")]
transform = Transform3D(1, 0, 0, 0, 1, 0, 0, 0, 1, 0, 2, 0)

[node name="CSGBox3D2" type="CSGBox3D" parent="."]
transform = Transform3D(1, 0, 0, 0, 1, 0, 0, 0, 1, 14, 1, -1.5)
size = Vector3(1, 3, 4)
material = SubResource("StandardMaterial3D_gbfbk")

[node name="CSGBox3D3" type="CSGBox3D" parent="."]
transform = Transform3D(0.866025, 0, 0.5, 0, 1, 0, -0.5, 0, 0.866025, -7.74309, 1, 7.14995)
size = Vector3(3, 3, 4)
material = SubResource("StandardMaterial3D_ioo17")

[node name="goose" parent="." instance=ExtResource("6_dwbse")]
transform = Transform3D(1, 0, 0, 0, 1, 0, 0, 0, 1, 0.268478, 1.99497, -5.3716)

[node name="body" parent="goose/Armature/Skeleton3D" index="0"]
transform = Transform3D(0.984808, -0.173648, -5.96046e-08, 0.173648, 0.984808, 0, 0, -5.96046e-08, 1, 0.00241075, 0.00241075, 0.00241075)
bone_idx = 1

[node name="beak" parent="goose/Armature/Skeleton3D" index="1"]
transform = Transform3D(0.984808, -0.173648, -5.96046e-08, 0.173648, 0.984808, 0, -8.88178e-16, -5.96046e-08, 1, 0.00241075, 0.00241075, 0.00241075)
bone_idx = 2

[node name="eyes" parent="goose/Armature/Skeleton3D" index="2"]
transform = Transform3D(0.984808, -0.173648, -5.96046e-08, 0.173648, 0.984808, 0, -8.88178e-16, -5.96046e-08, 1, 0.00241075, 0.00241075, 0.00241075)
bone_idx = 3

[node name="pupils" parent="goose/Armature/Skeleton3D" index="3"]
transform = Transform3D(0.984808, -0.173648, -5.96046e-08, 0.173648, 0.984808, 0, -1.77636e-15, -5.96046e-08, 1, 0.00241075, 0.00241075, 0.00241075)
bone_idx = 4

[node name="wings_001" parent="goose/Armature/Skeleton3D" index="4"]
transform = Transform3D(0.944397, -0.224492, 0.240243, 0.205192, 0.9733, 0.102877, -0.256924, -0.0478605, 0.965246, 0.00119352, -0.00575993, 0.00311136)
bone_idx = 6

[node name="wings" parent="goose/Armature/Skeleton3D" index="5"]
transform = Transform3D(0.946342, -0.305313, -0.105927, 0.253408, 0.904484, -0.343064, 0.200551, 0.297813, 0.93332, 0.00397176, -0.000320601, 0.000812207)
bone_idx = 9

[node name="legs_001" parent="goose/Armature/Skeleton3D" index="6"]
transform = Transform3D(1, -2.34218e-07, -1.86265e-09, 1.38767e-07, 0.597598, -0.801796, 2.12342e-07, 0.801796, 0.597598, 0, 0.0100636, 0.00156091)
bone_idx = 12

[node name="legs" parent="goose/Armature/Skeleton3D" index="7"]
transform = Transform3D(1, -1.22763e-07, 4.20958e-07, -2.61702e-07, 0.471083, 0.882089, -2.78465e-07, -0.882089, 0.471083, 1.39698e-09, -0.00754528, -0.00105957)
bone_idx = 15

[node name="AnimationPlayer" parent="goose" index="1"]
autoplay = "Armature|run_2"

[editable path="goose"]
